0.0	29.1654771949723
0.000842117801417297	29.6540396344837
0.00168565154683753	29.9699678823796
0.002530603617040384	30.2028821477335
0.0033769763968107833	30.391437426209
0.004224772274939892	30.5549282089004
0.005073993644238661	30.7036697063849
0.005924642901539157	30.8434571589666
0.006776722447704886	30.9776650961329
0.007630234687635129	31.1083080427621
0.008485182030274263	31.2366089040864
0.009341566888613763	31.3633182171623
0.010199391679706404	31.4888999534614
0.011058658824667614	31.6136424050214
0.011919370748682104	31.7377254803828
0.012781529881015774	31.8612619831822
0.013645138655015043	31.984323091846
0.014510199508122493	32.1069541447033
0.015376714881871645	32.2291844346392
0.016244687221908635	32.3510332903613
0.017114118977989534	32.4725138521126
0.017985012603986435	32.5936354142182
0.018857370557901154	32.7144048768385
0.019731195301866514	32.8348276457382
0.020606489302156365	32.9549081891415
0.021483255029191354	33.0746503805981
0.022361494957544914	33.1940577132702
0.023241211565953712	33.3131334304223
0.024122407337314744	33.4318806057378
0.025005084758710664	33.5503021949739
0.025889246321396223	33.6684010661506
0.026774894520819492	33.7861800188609
0.027662031856625524	33.90364179647
0.028550660832661553	34.0207890939464
0.029440783956982245	34.1376245626105
0.030332403741861854	34.2541508136062
0.031225522703800634	34.3703704198725
0.032120143363522424	34.4862859178701
0.033016268245996794	34.6018998092051
0.03391389988043835	34.7172145611562
0.0348130408003119	34.8322326071832
0.03571369354334352	34.9469563484607
0.036615860651524224	35.0613881541864
0.03751954467111973	35.1755303616832
0.0384247481526776	35.2893852781368
0.0393314736510364	35.4029551800841
0.04023972372532658	35.516242314502
0.04114950093898239	35.6292488989195
0.042060807859750415	35.7419771226763
0.04297364705968875	35.8544291464558
0.04388802111519107	35.9666071035034
0.04480393260697301	36.0785131000092
0.04572138412009508	36.1901492151554
0.04664037824395805	36.3015175019209
0.04756091757232439	36.412619987686
0.048483004703313466	36.5234586740252
0.049406642239412386	36.6340355378872
0.050331832787487873	36.7443525316298
0.051258578958784946	36.8544115833851
0.05218688336894339	36.9642145976829
0.053116748637996876	37.0737634554595
0.05404817739038925	37.1830600151337
0.05498117225497268	37.2921061118586
0.05591573586502374	37.4009035594463
0.05685187085824194	37.5094541490671
0.05778957987676491	37.6177596511004
0.058728865567173716	37.7258218140478
0.059669730580496294	37.8336423664891
0.06061217757221882	37.9412230156279
0.06155620920229432	38.0485654491091
0.06250182813514715	38.155671334646
0.06344903703967997	38.2625423203481
0.06439783858928783	38.3691800350843
0.06534823546185775	38.4755860892236
0.06630023033977639	38.5817620736351
0.06725382590994344	38.6877095618557
0.06820902486377944	38.7934301090069
0.06916582989722642	38.8989252522549
0.07012424371075843	39.0041965116718
0.07108426900939346	39.1092453899065
0.07204590850269565	39.2140733724388
0.07300916490478315	39.3186819284557
0.07397404093434534	39.4230725106537
0.07494053931463118	39.5272465552386
0.07590866277347863	39.6312054827555
0.07687841404330897	39.7349506981071
0.07784979586113594	39.8384835902075
0.07882281096857846	39.9418055333158
0.07979746211186167	40.0449178866018
0.08077375204183124	40.1478219940573
0.08175168351395645	40.2505191855862
0.08273125928833924	40.3530107760879
0.08371248212972726	40.4552980670851
0.08469535480750845	40.5573823455144
0.08567988009573368	40.659264884911
0.08666606077311645	40.7609469450571
0.08765389962304238	40.8624297728047
0.08864339943357535	40.9637146013245
0.08963456299746875	41.0648026506361
0.0906273931121716	41.1656951289336
0.091621892579838	41.2663932310679
0.09261806420732965	41.3668981393714
0.09361591080623333	41.4672110244583
0.09461543519285687	41.5673330444821
0.09561664018825122	41.6672653455582
0.09661952861820045	41.7670090624346
0.09762410331324889	41.8665653181279
0.09863036710869733	41.9659352239654
0.0996383228446122	42.0651198804904
0.10064797336583921	42.1641203768709
0.1016593215220032	42.2629377908472
0.1026723701675192	42.3615731903349
0.1036871221616082	42.4600276319307
0.1047035803682942	42.5583021617009
0.1057217476564152	42.6563978153959
0.1067416268996372	42.7543156188401
0.1077632209764552	42.8520565873428
0.10878653277020521	42.9496217264844
0.1098115651690722	43.0470120318704
0.1108383210660942	43.1442284895011
0.1118668033591752	43.2412720754904
0.11289701495109421	43.3381437572414
0.1139289587495082	43.4348444918901
0.1149626376669642	43.5313752281549
0.1159980546209042	43.6277369050421
0.1170352125336782	43.7239304530915
0.1180741143325522	43.819956793757
0.1191147629497082	43.9158168395969
0.1201571613222622	44.0115114950059
0.1212013123922662	44.107041655291
0.1222472191067232	44.2024082078693
0.12329488441758821	44.2976120312432
0.1243443112817762	44.3926539965759
0.1253955026611822	44.4875349661527
0.1264484615226732	44.5822557945454
0.1275031908381102	44.6768173286912
0.1285596935843512	44.7712204074083
0.1296179727432562	44.8654658618218
0.1306780313017002	44.9595545157847
0.1317398722515822	45.0534871850177
0.1328034985898302	45.147264678444
0.1338689133184092	45.2408877976467
0.1349361194443362	45.3343573365593
0.1360051199796802	45.4276740822888
0.1370759179415792	45.5208388147475
0.1381485163522362	45.6138523067716
