0.0	47.1974002027582
0.0008421177699678988	47.7011665068524
0.0016856514838321508	48.0117351668233
0.002530603522375663	48.2262883671615
0.0033769762703778064	48.3856615618117
0.004224772116632414	48.5109404237317
0.005073993453950099	48.6138872582775
0.005924642679162706	48.7014912209251
0.006776722193132412	48.7781303487001
0.007630234400759162	48.846670668414
0.00848518171098589	48.9090589850402
0.009341566536807061	48.9666595058583
0.010199391295272142	49.0204537536732
0.011058658407498203	49.0711640135748
0.011919370298668302	49.1193322021745
0.012781529398047331	49.1653717845545
0.013645138138984051	49.209602861594
0.014510198958915033	49.252276444042
0.015376714299381141	49.2935915976845
0.01624468660602429	49.3337077856823
0.01711411832859944	49.3727539011847
0.01798501192098267	49.4108349813333
0.018857369841168703	49.4480372689665
0.019731194551297463	49.48443207367
0.020606488517639132	49.5200787533817
0.021483254210611372	49.5550270389797
0.022361494104792042	49.5893188637633
0.023241210678911273	49.6229898144851
0.024122406415873713	49.6560702901922
0.025005083802756792	49.688586434249
0.02588924533081649	49.7205608869849
0.02677489349550155	49.7520133974189
0.02766203079645824	49.7829613206744
0.028550659737525352	49.8134200257646
0.0294407828267631	49.8434032296422
0.030332402576446312	49.8729232710889
0.03122552150307112	49.9019913372247
0.032120142127367364	49.9306176504174
0.033016266974301274	49.9588116214024
0.03391389857308269	49.9865819779416
0.03481303945718128	50.0139368689753
0.03571369216432074	50.0408839535849
0.03661585923649313	50.0674304723215
0.037519543219962204	50.0935833077468
0.03842474666527795	50.1193490348337
0.03933147212727428	50.1447339623733
0.0402397221650862	50.1697441672391
0.041149499342147844	50.194385523038
0.04206080622620034	50.2186637252371
0.04297364538930925	50.2425843097404
0.04388801940786091	50.2661526696796
0.04480393086257184	50.2893740707575
0.04572138233850198	50.312253661411
0.04664037642505425	50.3347964833924
0.047560915715990304	50.3570074794139
0.048483002809425524	50.378891500495
0.04940664030784969	50.4004533121188
0.05033183081813019	50.4216975978577
0.05125857695151148	50.4426289652656
0.05218688132363003	50.4632519482353
0.05311674655452392	50.4835710105157
0.05404817526863292	50.5035905484722
0.05498117009481229	50.5233148932086
0.055915733666331735	50.5427483123478
0.05685186862089764	50.5618950123877
0.057789577600645514	50.5807591397489
0.05872886325215365	50.5993447823134
0.05966972822644967	50.6176559707823
0.06061217517902328	50.6356966796362
0.06155620676982576	50.6534708284481
0.06250182566328188	50.670982282147
0.06344903452829287	50.6882348534633
0.06439783603825033	50.7052323012136
0.06534823287104174	50.7219783339491
0.06630022770905808	50.7384766086684
0.06725382323919649	50.7547307322382
0.06820902215287417	50.7707442623345
0.0691658271460347	50.7865207072226
0.07012424091915392	50.8020635279643
0.0710842661772465	50.8173761369697
0.07204590562987778	50.8324619002426
0.07300916199116836	50.8473241372799
0.07397403797980162	50.8619661223062
0.07494053631903119	50.8763910833784
0.07590865973669303	50.8906022046216
0.0768784109652082	50.9046026258795
0.07784979274159143	50.9183954432285
0.07882280780745787	50.931983710096
0.07979745890903511	50.9453704370493
0.08077374879716659	50.9585585928043
0.08175168022732326	50.9715511047071
0.08273125595960529	50.9843508592032
0.08371247875875998	50.9969607020909
0.0846953513941755	51.009383439526
0.08567987663990162	51.021621838004
0.08666605727465204	51.0336786251173
0.08765389608181196	51.045556490149
0.0886433958494467	51.0572580843152
0.08963455937030818	51.0687860212447
0.0906273894418419	51.0801428778262
0.09162188886620526	51.0913311941239
0.09261806045025944	51.1023534743705
0.09361590700558953	51.1132121869937
0.09461543134850403	51.1239097652685
0.09561663630005279	51.1344486076592
0.09661952468602142	51.1448310790825
0.09762409933695304	51.1550595095993
0.09863036308814654	51.1651361963556
0.09963831877966935	51.1750634036879
0.10064796925636535	51.1848433631857
0.10165931736785935	51.1944782746307
0.10267236596856735	51.2039703056834
0.10368711791770935	51.2133215931697
0.10470357607930635	51.2225342429412
0.10572174332220236	51.231610330201
0.10674162252005635	51.2405519003929
0.10776321655136935	51.2493609691923
0.10878652829947136	51.2580395231645
0.10981156065254935	51.2665895197117
0.11083831650364336	51.2750128883523
0.11186679875065335	51.2833115296598
0.11289701029636136	51.2914873174944
0.11392895404842035	51.2995420974903
0.11496263291937835	51.3074776889732
0.11599804982667936	51.3152958846973
0.11703520769267335	51.3229984502188
0.11807410944461935	51.3305871266155
0.11911475801470335	51.3380636283657
0.12015715634004136	51.3454296452302
0.12120130736268735	51.3526868423404
0.12224721402963835	51.3598368595305
0.12329487929285035	51.3668813135922
0.12434430610924335	51.373821796877
0.12539549744070635	51.3806598780172
0.12644845625410736	51.3873971028622
0.12750318552130835	51.3940349944251
0.12855968821916536	51.4005750532733
0.12961796732954234	51.4070187573541
0.13067802583930835	51.4133675629687
0.13173986674036336	51.41962290503
0.13280349302963435	51.4257861969308
0.13386890770908935	51.43185883092
0.13493611378574435	51.4378421789642
0.13600511427166434	51.4437375922596
0.13707591218398935	51.4495464021512
0.13814851054492236	51.4552699198044
