  8.407042028536482E-004   96.3298342128677     
  1.682821972821547E-003   97.3564783622193     
  2.526355686685799E-003   97.7832404274040     
  3.371307725229311E-003   98.0812307204750     
  4.217680473231455E-003   98.3002463513896     
  5.065476319486062E-003   98.4677828751500     
  5.914697656803747E-003   98.6003254921117     
  6.765346882016354E-003   98.7082150000660     
  7.617426395986060E-003   98.7981941373559     
  8.470938603612810E-003   98.8748121922356     
  9.325885913839538E-003   98.9412320855426     
  1.018227073966071E-002   98.9997116327699     
  1.104009549812579E-002   99.0519004083832     
  1.189936261035185E-002   99.0990285756392     
  1.276007450152195E-002   99.1420303719216     
  1.362223360090098E-002   99.1816268978662     
  1.448584234183770E-002   99.2183828881629     
  1.535090316176868E-002   99.2527464387214     
  1.621741850223479E-002   99.2850773196040     
  1.708539080887794E-002   99.3156675010415     
  1.795482253145309E-002   99.3447562549058     
  1.882571612383632E-002   99.3725414242391     
  1.969807404402235E-002   99.3991879444136     
  2.057189875415111E-002   99.4248343568583     
  2.144719272049278E-002   99.4495978458803     
  2.232395841346502E-002   99.4735781730637     
  2.320219830764569E-002   99.4968607766674     
  2.408191488176492E-002   99.5195192377448     
  2.496311061872736E-002   99.5416172558329     
  2.584578800561044E-002   99.5632102433493     
  2.672994953367014E-002   99.5843466249581     
  2.761559769835520E-002   99.6050688993452     
  2.850273499931189E-002   99.6254145140347     
  2.939136394037900E-002   99.6454165915322     
  3.028148702961675E-002   99.6651045326356     
  3.117310677929996E-002   99.6845045229067     
  3.206622570592477E-002   99.7036399588490     
  3.296084633022101E-002   99.7225318079073     
  3.385697117715492E-002   99.7411989139659     
  3.475460277593634E-002   99.7596582595862     
  3.565374366003493E-002   99.7779251883074     
  3.655439636717439E-002   99.7960135972595     
  3.745656343934678E-002   99.8139361024489     
  3.836024742281585E-002   99.8317041826885     
  3.926545086813160E-002   99.8493283048351     
  4.017217633012793E-002   99.8668180313757     
  4.108042636793985E-002   99.8841821157212     
  4.199020354500149E-002   99.9014285851066     
  4.290151042905399E-002   99.9185648149879     
  4.381434959216290E-002   99.9355975921786     
  4.472872361071456E-002   99.9525331722523     
  4.564463506542549E-002   99.9693773301587     
  4.656208654135563E-002   99.9861354052736     
  4.748108062790790E-002   100.002812341075     
  4.840161991884395E-002   100.019412720283     
  4.932370701227917E-002   100.035940796921     
  5.024734451070334E-002   100.052400526117     
  5.117253502098384E-002   100.068795587075     
  5.209928115436513E-002   100.085129408703     
  5.302758552648368E-002   100.101405188668     
  5.395745075737757E-002   100.117625912617     
  5.488887947148657E-002   100.133794371216     
  5.582187429766594E-002   100.149913175435     
  5.675643786918538E-002   100.165984770198     
  5.769257282375129E-002   100.182011447214     
  5.863028180349916E-002   100.197995356355     
  5.956956745500730E-002   100.213938516631     
  6.051043242930332E-002   100.229842824591     
  6.145287938187693E-002   100.245710064502     
  6.239691097267941E-002   100.261541915287     
  6.334252986613553E-002   100.277339957681     
  6.428973873114652E-002   100.293105682662     
  6.523854024110398E-002   100.308840495229     
  6.618893707389539E-002   100.324545722087     
  6.714093191191173E-002   100.340222615133     
  6.809452744205013E-002   100.355872358987     
  6.904972635572781E-002   100.371496071392     
  7.000653134888835E-002   100.387094811047     
  7.096494512200757E-002   100.402669579829     
  7.192497038010015E-002   100.418221326005     
  7.288660983273143E-002   100.433750948093     
  7.384986619402201E-002   100.449259298193     
  7.481474218265527E-002   100.464747183562     
  7.578124052188484E-002   100.480215370750     
  7.674936393954668E-002   100.495664586995     
  7.771911516806185E-002   100.511095522825     
  7.869049694444508E-002   100.526508833954     
  7.966351201031152E-002   100.541905143502     
  8.063816311188876E-002   100.557285044162     
  8.161445300002024E-002   100.572649099203     
  8.259238443017691E-002   100.587997844398     
  8.357196016245894E-002   100.603331789431     
  8.455318296161363E-002   100.618651419697     
  8.553605559702915E-002   100.633957197378     
  8.652058084275527E-002   100.649249562217     
  8.750676147750569E-002   100.664528933602     
  8.849460028466560E-002   100.679795710694     
  8.948410005230034E-002   100.695050274419     
  9.047526357316182E-002   100.710292987283     
  9.146809364469555E-002   100.725524195741     
  9.246259306905891E-002   100.740744229403     
  9.345876465311309E-002   100.755953403830     
  9.445661120844318E-002   100.771152018590     
  9.545613555135768E-002   100.786340360785     
  9.645734050290644E-002   100.801518704074     
  9.746022888887507E-002   100.816687309485     
  9.846480353980669E-002   100.831846426767     
  9.947106729100019E-002   100.846996293907     
  0.100479022982523        100.862137138769     
  0.101488673459219        100.877269178298     
  0.102500021570713        100.892392620390     
  0.103513070171421        100.907507663396     
  0.104527822120563        100.922614497007     
  0.105544280282160        100.937713302429     
  0.106562447525056        100.952804253031     
  0.107582326722910        100.967887514459     
  0.108603920754223        100.982963244988     
  0.109627232502325        100.998031596007     
  0.110652264855403        101.013092712557     
  0.111679020706497        101.028146732804     
  0.112707502953507        101.043193789442     
  0.113737714499215        101.058234009072     
  0.114769658251274        101.073267512938     
  0.115803337122232        101.088294417047     
  0.116838754029533        101.103314832461     
  0.117875911895527        101.118328864986     
  0.118914813647473        101.133336616740     
  0.119955462217557        101.148338184262     
  0.120997860542895        101.163333661048     
  0.122042011565541        101.178323135838     
  0.123087918232492        101.193306694112     
  0.124135583495704        101.208284417224     
  0.125185010312097        101.223256383369     
  0.126236201643560        101.238222667096     
  0.127289160456961        101.253183340046     
  0.128343889724162        101.268138470901     
  0.129400392422019        101.283088124943     
  0.130458671532396        101.298032364977     
  0.131518730042162        101.312971250991     
  0.132580570943217        101.327904840919     
  0.133644197232488        101.342833189416     
  0.134709611911943        101.357756349489     
  0.135776817988598        101.372674371338     
  0.136845818474518        101.387587303684     
  0.137916616386843        101.402495192715     
  0.138989214747776        101.417398082699     
